#calib_time: Wed Mar 15 18:53:38 2017
#description: use R/T/S to transform campoint c into laser coordinates l=R*S*c+T
R: -1.644586702709e-02 3.463995853268e-04 9.998646975792e-01 -9.998411433237e-01 -6.878422159097e-03 -1.644309659951e-02 6.871795610083e-03 -9.999762833767e-01 4.594661736247e-04
T: 8.392710981068e-01 1.983926241616e-01 -4.405860632935e-01
S: 1.000000000000e+00
