calib_time: Wed Mar 15 18:53:34 2017
corner_dist: 1.250000000000e-01
S_00: 1.280000000000e+03 9.600000000000e+02
K_00: 1.619466486104e+03 0.000000000000e+00 6.470543175585e+02 0.000000000000e+00 1.619830110846e+03 4.947986761890e+02 0.000000000000e+00 0.000000000000e+00 1.000000000000e+00
D_00: -1.080225214179e-02 2.812657902603e-02 3.532354262784e-03 1.142989033140e-03 0.000000000000e+00
R_00: 1.000000000000e+00 0.000000000000e+00 0.000000000000e+00 0.000000000000e+00 1.000000000000e+00 0.000000000000e+00 0.000000000000e+00 0.000000000000e+00 1.000000000000e+00
T_00: 7.137148015447e-17 -1.090397613471e-16 -6.344131569287e-16
