#calib_time: Tue Mar  7 16:08:00 2017
#description: use R/T/S to transform campoint c into laser coordinates l=R*S*c+T
R: 6.637646112463e-02 -8.227063759489e-03 9.977607332575e-01 -9.963383997965e-01 -5.455215039463e-02 6.583202851360e-02 5.388838928251e-02 -9.984770294349e-01 -1.181791823109e-02
T: 7.407613901332e-01 -3.754519554955e-01 -4.380674386853e-01
S: 1.000000000000e+00
