#calib_time: Wed Mar  8 16:08:04 2017
#description: use R/T/S to transform campoint c into laser coordinates l=R*S*c+T
R: -8.944914055586e-01 -1.992268495821e-02 4.466410326043e-01 -3.222058119956e-02 9.992815606892e-01 -1.995486441311e-02 -4.459225936516e-01 -3.224048837470e-02 -8.944906882581e-01
T: 5.484126515988e+00 2.716381763459e+00 7.359397999667e+00
S: 1.000000000000e+00
