#calib_time: Wed Mar  8 16:08:04 2017
#description: use R/T/S to transform campoint c into laser coordinates l=R*S*c+T
R: -8.325222808697e-01 8.817315173128e-03 5.539213904595e-01 -7.273711530367e-02 9.894778518435e-01 -1.250715505959e-01 -5.491957428029e-01 -1.444154966211e-01 -8.231210120164e-01
T: 2.214035839802e+00 3.473564677327e+00 6.952942291147e+00
S: 1.000000000000e+00
