#calib_time: Wed Mar  8 16:08:04 2017
#description: use R/T/S to transform campoint c into laser coordinates l=R*S*c+T
R: -5.215308438416e-01 -2.960570888168e-01 8.002223310326e-01 8.352391143739e-01 1.444637220957e-02 5.496971203761e-01 -1.743020388340e-01 9.550609941210e-01 2.397442319786e-01
T: 3.634210392863e+00 -4.077459310415e+00 -2.614130440126e+00
S: 1.000000000000e+00
