#calib_time: Wed Mar  8 16:08:04 2017
#description: use R/T/S to transform campoint c into laser coordinates l=R*S*c+T
R: 9.546678116308e-01 -2.917149279597e-01 -5.926019103541e-02 8.901994650482e-02 4.697487598291e-01 -8.783003767295e-01 2.840507323708e-01 8.332097595711e-01 4.744224678440e-01
T: 9.781517912983e+00 6.526799963713e+00 -4.426482394871e+00
S: 1.000000000000e+00
