#calib_time: Wed Mar  8 16:08:04 2017
#description: use R/T/S to transform campoint c into laser coordinates l=R*S*c+T
R: 7.963700675438e-01 -1.640722903851e-01 -5.821297098140e-01 -5.252248073070e-01 2.896363183078e-01 -8.001560503467e-01 2.998893417740e-01 9.429692925249e-01 1.444828572720e-01
T: 1.533745743605e+01 8.379708600010e+00 -1.578461918676e+00
S: 1.000000000000e+00
