#calib_time: Wed Mar  8 16:08:04 2017
#description: use R/T/S to transform campoint c into laser coordinates l=R*S*c+T
R: 7.736205845760e-02 1.943149873148e-02 9.968136880923e-01 -9.927883403545e-01 -9.033384022825e-02 7.881058663498e-02 9.157741625170e-02 -9.957219562542e-01 1.230295354779e-02
T: -3.078816052757e-02 -5.764634050688e-01 -1.230797202730e-01
S: 1.000000000000e+00
