calib_time: Wed Mar  8 15:57:19 2017
corner_dist: 1.250000000000e-01
S_00: 1.280000000000e+03 9.600000000000e+02
K_00: 1.626777300735e+03 0.000000000000e+00 6.340341439993e+02 0.000000000000e+00 1.624752022673e+03 4.834728277935e+02 0.000000000000e+00 0.000000000000e+00 1.000000000000e+00
D_00: -1.110527109668e-02 5.601111786487e-02 1.906701004540e-03 -1.227764309884e-03 0.000000000000e+00
R_00: 1.000000000000e+00 0.000000000000e+00 0.000000000000e+00 0.000000000000e+00 1.000000000000e+00 0.000000000000e+00 0.000000000000e+00 0.000000000000e+00 1.000000000000e+00
T_00: 1.586032892322e-16 -2.686343211370e-16 2.537652627715e-16
