#calib_time: Wed Mar  8 15:57:23 2017
#description: use R/T/S to transform campoint c into laser coordinates l=R*S*c+T
R: -6.124753993120e-02 4.581140879998e-02 9.970707365459e-01 -9.980919197643e-01 -1.064426942496e-02 -6.082120707188e-02 7.826784374656e-03 -9.988933948886e-01 4.637593227293e-02
T: 1.317777520136e-01 3.885837597286e-01 -1.737188452244e-01
S: 1.000000000000e+00
