#calib_time: Wed Mar  8 16:08:04 2017
#description: use R/T/S to transform campoint c into laser coordinates l=R*S*c+T
R: 3.867443692286e-01 4.321895282940e-01 -8.146416417683e-01 9.219852228253e-01 -1.996875732434e-01 3.317651608955e-01 -1.928838411594e-02 -8.793958634911e-01 -4.757004031037e-01
T: 1.723030064297e+01 -1.755506956049e+00 4.792074137036e+00
S: 1.000000000000e+00
