#calib_time: Wed Mar  8 16:08:04 2017
#description: use R/T/S to transform campoint c into laser coordinates l=R*S*c+T
R: 8.186841753741e-01 -1.262833497668e-02 -5.741051699364e-01 -1.694015229126e-01 -9.605775596392e-01 -2.204401867912e-01 -5.486887505926e-01 2.777251826417e-01 -7.885489064730e-01
T: 1.012796469409e+01 5.663186328422e+00 6.475849323124e+00
S: 1.000000000000e+00
