#calib_time: Wed Mar  8 16:17:49 2017
#description: use R/T/S to transform campoint c into laser coordinates l=R*S*c+T
R: -2.286293144128e-01 -1.060205975639e-01 9.677232401278e-01 -9.268068892866e-01 -2.805032483207e-01 -2.496936476014e-01 2.979221820579e-01 -9.539798533375e-01 -3.412935487435e-02
T: 1.297978247516e-01 -6.675316837154e-01 1.858130494647e-01
S: 1.000000000000e+00
