calib_time: Wed Mar  8 16:17:45 2017
corner_dist: 1.250000000000e-01
S_00: 1.280000000000e+03 9.600000000000e+02
K_00: 1.619048839831e+03 0.000000000000e+00 6.381966831646e+02 0.000000000000e+00 1.618977372722e+03 4.988394219384e+02 0.000000000000e+00 0.000000000000e+00 1.000000000000e+00
D_00: -6.670617928465e-03 -5.441062744567e-03 4.615853989147e-03 -9.069161235972e-04 0.000000000000e+00
R_00: 1.000000000000e+00 0.000000000000e+00 0.000000000000e+00 0.000000000000e+00 1.000000000000e+00 0.000000000000e+00 0.000000000000e+00 0.000000000000e+00 1.000000000000e+00
T_00: -3.172065784643e-16 -6.046750401976e-17 2.537652627715e-16
