calib_time: Tue Mar  7 16:07:57 2017
corner_dist: 1.250000000000e-01
S_00: 1.280000000000e+03 9.600000000000e+02
K_00: 1.622280975659e+03 0.000000000000e+00 6.381953827496e+02 0.000000000000e+00 1.622033630733e+03 4.937893213275e+02 0.000000000000e+00 0.000000000000e+00 1.000000000000e+00
D_00: -1.242000533257e-02 3.220931442037e-02 3.619016481317e-03 -6.618562040373e-04 0.000000000000e+00
R_00: 1.000000000000e+00 0.000000000000e+00 0.000000000000e+00 0.000000000000e+00 1.000000000000e+00 0.000000000000e+00 0.000000000000e+00 0.000000000000e+00 1.000000000000e+00
T_00: 0.000000000000e+00 1.080484907894e-16 -3.806478941572e-16
