#calib_time: Wed Mar  8 16:08:04 2017
#description: use R/T/S to transform campoint c into laser coordinates l=R*S*c+T
R: 9.954531930052e-01 8.637258757065e-02 4.015864355406e-02 4.223449041738e-03 -4.612132116838e-01 8.872792885256e-01 9.515830501824e-02 -8.830753928656e-01 -4.594809544490e-01
T: 8.669219530728e+00 -8.294206905765e+00 4.613187781239e+00
S: 1.000000000000e+00
