#calib_time: Wed Mar  8 16:08:04 2017
#description: use R/T/S to transform campoint c into laser coordinates l=R*S*c+T
R: 9.222337469802e-01 2.643764185732e-01 -2.821170417280e-01 3.802055292191e-01 -4.876387078954e-01 7.859085481869e-01 7.020449759222e-02 -8.320538443301e-01 -5.502342488916e-01
T: 1.070234298121e+01 -6.319361581310e+00 4.767478374062e+00
S: 1.000000000000e+00
