#calib_time: Wed Mar  8 16:08:04 2017
#description: use R/T/S to transform campoint c into laser coordinates l=R*S*c+T
R: 1.589945066870e-01 4.341594794597e-01 -8.866940245872e-01 9.088440963963e-01 -4.151824454172e-01 -4.032301406097e-02 -3.856464122599e-01 -7.994554918272e-01 -4.605950078957e-01
T: 1.788564516703e+01 -8.289860813407e-02 4.861018025651e+00
S: 1.000000000000e+00
