calib_time: Wed Mar  8 16:07:59 2017
corner_dist: 1.250000000000e-01
S_00: 1.280000000000e+03 9.600000000000e+02
K_00: 1.623450480122e+03 0.000000000000e+00 6.398380290211e+02 0.000000000000e+00 1.623005888576e+03 4.881860142365e+02 0.000000000000e+00 0.000000000000e+00 1.000000000000e+00
D_00: -6.248691695963e-03 1.792248561292e-02 2.288774900614e-03 -1.841187505054e-04 0.000000000000e+00
R_00: 1.000000000000e+00 0.000000000000e+00 0.000000000000e+00 0.000000000000e+00 1.000000000000e+00 0.000000000000e+00 0.000000000000e+00 0.000000000000e+00 1.000000000000e+00
T_00: -3.172065784643e-17 -6.938893903907e-18 3.806478941572e-16
S_01: 1.280000000000e+03 9.600000000000e+02
K_01: 1.623257112564e+03 0.000000000000e+00 6.400825579089e+02 0.000000000000e+00 1.622860044816e+03 4.883352032051e+02 0.000000000000e+00 0.000000000000e+00 1.000000000000e+00
D_01: -4.499392713021e-03 1.074039652800e-02 2.224583299318e-03 -1.287579008378e-04 0.000000000000e+00
R_01: 9.999999819407e-01 -6.970848721893e-05 -1.768028207042e-04 6.969141508774e-05 9.999999929092e-01 -9.656461030085e-05 1.768095508234e-04 9.655228691820e-05 9.999999797080e-01
T_01: -1.203762789954e-01 5.783765792907e-05 -3.926339639646e-04
