#calib_time: Wed Mar  8 16:08:04 2017
#description: use R/T/S to transform campoint c into laser coordinates l=R*S*c+T
R: -8.098318805661e-01 -1.592996583139e-02 -5.864457020111e-01 -5.761456283035e-01 2.100209181702e-01 7.899034301215e-01 1.105827301414e-01 9.775671077320e-01 -1.792596152927e-01
T: 1.549109323385e+01 -8.074301411223e+00 1.419207406838e+00
S: 1.000000000000e+00
