#calib_time: Wed Mar  8 16:08:04 2017
#description: use R/T/S to transform campoint c into laser coordinates l=R*S*c+T
R: -7.871168686382e-01 -7.513079781343e-02 6.122110733441e-01 -3.464465902313e-02 9.963721046429e-01 7.773272599530e-02 -6.158301573538e-01 3.997489598994e-02 -7.868641718773e-01
T: 5.293108428718e+00 2.009357196292e+00 6.612038641925e+00
S: 1.000000000000e+00
