#calib_time: Wed Mar  8 16:08:04 2017
#description: use R/T/S to transform campoint c into laser coordinates l=R*S*c+T
R: 8.336405683685e-01 9.076643437519e-02 -5.447979966567e-01 2.400379261603e-01 8.288321218080e-01 5.053900551692e-01 4.974185328021e-01 -5.520858341328e-01 6.691606944336e-01
T: 1.168186749628e+01 -1.772369437891e+00 -5.713812038454e+00
S: 1.000000000000e+00
