00: 7.736205845760e-02 1.943149873148e-02 9.968136880923e-01 -9.927883403545e-01 -9.033384022825e-02 7.881058663498e-02 9.157741625170e-02 -9.957219562542e-01 1.230295354779e-02 -3.078816052757e-02 -5.764634050688e-01 -1.230797202730e-01 -1.558441143255e+00 -9.170590290018e-02 -1.493029456867e+00 -3.078816052757e-02 -5.764634050688e-01 -1.230797202730e-01 1.000000000000e+00

01: 3.867443692286e-01 4.321895282940e-01 -8.146416417683e-01 9.219852228253e-01 -1.996875732434e-01 3.317651608955e-01 -1.928838411594e-02 -8.793958634911e-01 -4.757004031037e-01 1.723030064297e+01 -1.755506956049e+00 4.792074137036e+00 -2.066657087868e+00 1.928958033029e-02 1.173619659752e+00 1.723030064297e+01 -1.755506956049e+00 4.792074137036e+00 1.000000000000e+00

02: 9.954531930052e-01 8.637258757065e-02 4.015864355406e-02 4.223449041738e-03 -4.612132116838e-01 8.872792885256e-01 9.515830501824e-02 -8.830753928656e-01 -4.594809544490e-01 8.669219530728e+00 -8.294206905765e+00 4.613187781239e+00 -2.050566731777e+00 -9.530250475480e-02 4.242714504115e-03 8.669219530728e+00 -8.294206905765e+00 4.613187781239e+00 1.000000000000e+00

03: -5.215308438416e-01 -2.960570888168e-01 8.002223310326e-01 8.352391143739e-01 1.444637220957e-02 5.496971203761e-01 -1.743020388340e-01 9.550609941210e-01 2.397442319786e-01 3.634210392863e+00 -4.077459310415e+00 -2.614130440126e+00 1.324853145453e+00 1.751969121472e-01 2.128970560879e+00 3.634210392863e+00 -4.077459310415e+00 -2.614130440126e+00 1.000000000000e+00

04: 7.963700675438e-01 -1.640722903851e-01 -5.821297098140e-01 -5.252248073070e-01 2.896363183078e-01 -8.001560503467e-01 2.998893417740e-01 9.429692925249e-01 1.444828572720e-01 1.533745743605e+01 8.379708600010e+00 -1.578461918676e+00 1.418757590067e+00 -3.045766547906e-01 -5.830410462446e-01 1.533745743605e+01 8.379708600010e+00 -1.578461918676e+00 1.000000000000e+00

05: -8.325222808697e-01 8.817315173128e-03 5.539213904595e-01 -7.273711530367e-02 9.894778518435e-01 -1.250715505959e-01 -5.491957428029e-01 -1.444154966211e-01 -8.231210120164e-01 2.214035839802e+00 3.473564677327e+00 6.952942291147e+00 -2.967911670981e+00 5.814015505038e-01 -3.054444379171e+00 2.214035839802e+00 3.473564677327e+00 6.952942291147e+00 1.000000000000e+00

06: 9.222337469802e-01 2.643764185732e-01 -2.821170417280e-01 3.802055292191e-01 -4.876387078954e-01 7.859085481869e-01 7.020449759222e-02 -8.320538443301e-01 -5.502342488916e-01 1.070234298121e+01 -6.319361581310e+00 4.767478374062e+00 -2.155071863671e+00 -7.026229502412e-02 3.910355071190e-01 1.070234298121e+01 -6.319361581310e+00 4.767478374062e+00 1.000000000000e+00

07: 9.546678116308e-01 -2.917149279597e-01 -5.926019103541e-02 8.901994650482e-02 4.697487598291e-01 -8.783003767295e-01 2.840507323708e-01 8.332097595711e-01 4.744224678440e-01 9.781517912983e+00 6.526799963713e+00 -4.426482394871e+00 1.053187277344e+00 -2.880162343095e-01 9.297817877153e-02 9.781517912983e+00 6.526799963713e+00 -4.426482394871e+00 1.000000000000e+00

08: -8.944914055586e-01 -1.992268495821e-02 4.466410326043e-01 -3.222058119956e-02 9.992815606892e-01 -1.995486441311e-02 -4.459225936516e-01 -3.224048837470e-02 -8.944906882581e-01 5.484126515988e+00 2.716381763459e+00 7.359397999667e+00 -3.105564846733e+00 4.622047450182e-01 -3.105587102042e+00 5.484126515988e+00 2.716381763459e+00 7.359397999667e+00 1.000000000000e+00

09: 1.589945066870e-01 4.341594794597e-01 -8.866940245872e-01 9.088440963963e-01 -4.151824454172e-01 -4.032301406097e-02 -3.856464122599e-01 -7.994554918272e-01 -4.605950078957e-01 1.788564516703e+01 -8.289860813407e-02 4.861018025651e+00 -2.093483845268e+00 3.959083265785e-01 1.397607468277e+00 1.788564516703e+01 -8.289860813407e-02 4.861018025651e+00 1.000000000000e+00

10: 8.186841753741e-01 -1.262833497668e-02 -5.741051699364e-01 -1.694015229126e-01 -9.605775596392e-01 -2.204401867912e-01 -5.486887505926e-01 2.777251826417e-01 -7.885489064730e-01 1.012796469409e+01 5.663186328422e+00 6.475849323124e+00 2.802961234890e+00 5.807949990987e-01 -2.040397546459e-01 1.012796469409e+01 5.663186328422e+00 6.475849323124e+00 1.000000000000e+00

11: -8.098318805661e-01 -1.592996583139e-02 -5.864457020111e-01 -5.761456283035e-01 2.100209181702e-01 7.899034301215e-01 1.105827301414e-01 9.775671077320e-01 -1.792596152927e-01 1.549109323385e+01 -8.074301411223e+00 1.419207406838e+00 1.752154677666e+00 -1.108093570222e-01 -2.523230984284e+00 1.549109323385e+01 -8.074301411223e+00 1.419207406838e+00 1.000000000000e+00

12: -7.871168686382e-01 -7.513079781343e-02 6.122110733441e-01 -3.464465902313e-02 9.963721046429e-01 7.773272599530e-02 -6.158301573538e-01 3.997489598994e-02 -7.868641718773e-01 5.293108428718e+00 2.009357196292e+00 6.612038641925e+00 3.090833501174e+00 6.634391942287e-01 -3.097606411970e+00 5.293108428718e+00 2.009357196292e+00 6.612038641925e+00 1.000000000000e+00

13: 8.336405683685e-01 9.076643437519e-02 -5.447979966567e-01 2.400379261603e-01 8.288321218080e-01 5.053900551692e-01 4.974185328021e-01 -5.520858341328e-01 6.691606944336e-01 1.168186749628e+01 -1.772369437891e+00 -5.713812038454e+00 -6.898251740536e-01 -5.206205101974e-01 2.803555857066e-01 1.168186749628e+01 -1.772369437891e+00 -5.713812038454e+00 1.000000000000e+00

